%!PS
%%BoundingBox: -29 -29 29 57 
%%Creator: MetaPost
%%CreationDate: 2006.10.02:1604
%%Pages: 1
%*Font: futr8r 9.16562 9.96265 41:c
%*Font: fourier-ms 9.16562 9.96265 5b:8
%%EndProlog
%%Page: 1 1
 0.37057 0.56546 0.7 setrgbcolor
newpath 28.34645 0 moveto
28.34645 7.51828 25.35938 14.72774 20.04356 20.04356 curveto
14.72774 25.35938 7.51828 28.34645 0 28.34645 curveto
-7.51828 28.34645 -14.72774 25.35938 -20.04356 20.04356 curveto
-25.35938 14.72774 -28.34645 7.51828 -28.34645 0 curveto
-28.34645 -7.51828 -25.35938 -14.72774 -20.04356 -20.04356 curveto
-14.72774 -25.35938 -7.51828 -28.34645 0 -28.34645 curveto
7.51828 -28.34645 14.72774 -25.35938 20.04356 -20.04356 curveto
25.35938 -14.72774 28.34645 -7.51828 28.34645 0 curveto closepath fill
newpath 28.34645 28.34645 moveto
28.34645 35.86473 25.35938 43.07419 20.04356 48.39001 curveto
14.72774 53.70583 7.51828 56.6929 0 56.6929 curveto
-7.51828 56.6929 -14.72774 53.70583 -20.04356 48.39001 curveto
-25.35938 43.07419 -28.34645 35.86473 -28.34645 28.34645 curveto
-28.34645 20.82817 -25.35938 13.61871 -20.04356 8.30289 curveto
-14.72774 2.98708 -7.51828 0 0 0 curveto
7.51828 0 14.72774 2.98708 20.04356 8.30289 curveto
25.35938 13.61871 28.34645 20.82817 28.34645 28.34645 curveto closepath fill
newpath 24.54837 14.17319 moveto
23.32019 16.3004 21.81053 18.2766 20.04356 20.04356 curveto
14.72774 25.35938 7.51828 28.34645 0 28.34645 curveto
-7.51828 28.34645 -14.72774 25.35938 -20.04356 20.04356 curveto
-21.81053 18.2766 -23.32019 16.3004 -24.54837 14.17319 curveto
-24.54837 14.17326 lineto
-23.32019 12.04605 -21.81053 10.06985 -20.04356 8.30289 curveto
-14.72774 2.98708 -7.51828 0 0 0 curveto
7.51828 0 14.72774 2.98708 20.04356 8.30289 curveto
21.81053 10.06985 23.32019 12.04605 24.54837 14.17326 curveto
 closepath fill
 1 setgray
newpath -12.48285 8.93292 moveto
12.48285 8.93292 lineto
12.48285 19.41353 lineto
-12.48285 19.41353 lineto
 closepath fill
 0 setgray
-10.28365 11.00262 moveto
(A) futr8r 9.16562 fshow
-3.24785 11.00262 moveto
([) fourier-ms 9.16562 fshow
4.56505 11.00262 moveto
(B) futr8r 9.16562 fshow
showpage
%%EOF
