%!PS
%%BoundingBox: -29 -29 29 57 
%%Creator: MetaPost
%%CreationDate: 2006.10.02:1604
%%Pages: 1
%*Font: futr8r 9.16562 9.96265 41:c
%%EndProlog
%%Page: 1 1
 0.63528 0.96936 1 setrgbcolor
newpath 28.34645 0 moveto
28.34645 7.51828 25.35938 14.72774 20.04356 20.04356 curveto
14.72774 25.35938 7.51828 28.34645 0 28.34645 curveto
-7.51828 28.34645 -14.72774 25.35938 -20.04356 20.04356 curveto
-25.35938 14.72774 -28.34645 7.51828 -28.34645 0 curveto
-28.34645 -7.51828 -25.35938 -14.72774 -20.04356 -20.04356 curveto
-14.72774 -25.35938 -7.51828 -28.34645 0 -28.34645 curveto
7.51828 -28.34645 14.72774 -25.35938 20.04356 -20.04356 curveto
25.35938 -14.72774 28.34645 -7.51828 28.34645 0 curveto closepath fill
 0.5294 0.8078 1 setrgbcolor
newpath 28.34645 28.34645 moveto
28.34645 35.86473 25.35938 43.07419 20.04356 48.39001 curveto
14.72774 53.70583 7.51828 56.6929 0 56.6929 curveto
-7.51828 56.6929 -14.72774 53.70583 -20.04356 48.39001 curveto
-25.35938 43.07419 -28.34645 35.86473 -28.34645 28.34645 curveto
-28.34645 20.82817 -25.35938 13.61871 -20.04356 8.30289 curveto
-14.72774 2.98708 -7.51828 0 0 0 curveto
7.51828 0 14.72774 2.98708 20.04356 8.30289 curveto
25.35938 13.61871 28.34645 20.82817 28.34645 28.34645 curveto closepath fill
 0.21176 0.32312 0.36864 setrgbcolor
newpath 24.54837 14.17319 moveto
23.32019 16.3004 21.81053 18.2766 20.04356 20.04356 curveto
14.72774 25.35938 7.51828 28.34645 0 28.34645 curveto
-7.51828 28.34645 -14.72774 25.35938 -20.04356 20.04356 curveto
-21.81053 18.2766 -23.32019 16.3004 -24.54837 14.17319 curveto
-24.54837 14.17326 lineto
-23.32019 12.04605 -21.81053 10.06985 -20.04356 8.30289 curveto
-14.72774 2.98708 -7.51828 0 0 0 curveto
7.51828 0 14.72774 2.98708 20.04356 8.30289 curveto
21.81053 10.06985 23.32019 12.04605 24.54837 14.17326 curveto
 closepath fill
 1 setgray
newpath -5.0087 -19.3787 moveto
5.0087 -19.3787 lineto
5.0087 -8.96779 lineto
-5.0087 -8.96779 lineto
 closepath fill
 0 setgray
-2.8095 -17.3787 moveto
(A) futr8r 9.16562 fshow
 1 setgray
newpath -4.95891 37.31422 moveto
4.9589 37.31422 lineto
4.9589 47.72513 lineto
-4.95891 47.72513 lineto
 closepath fill
 0 setgray
-2.95891 39.31422 moveto
(B) futr8r 9.16562 fshow
showpage
%%EOF
